햊햪혪                            | 햐혝햟혝햦햨     | 먫썛쫧            | 햐혞햪햪햟      | 햐혝햟혝혧햦
----------------------------------------------------------------------------------------------------
游댮 Mutalkz_Strinvelez           | 258632     | 11              | 225000     | 12.7.1,17.1,17.1
游릭 Chifik_Hennessy              | 164244     | 11              | 100000     | 17.1
游댮 Bellucci_Strinvelez          | 248006     | 11              | 625000     | 6.1,12.8,12.8,12.8,17.1,17.1,17.1,17.1,17.1,17.6
游릭 Neo_Oda                      | 181453     | 11              | 200000     | 17.1,17.1
游댮 Mike_Goyard                  | 243416     | 10              | 100000     | 17.1
游댮 Kitomi_Love                  | 110347     | 8               | 400000     | 17.1,17.1,17.1,17.1
游댮 Tisha_Nabite                 | 91665      | 8               | 675000     | 12.8,12.8,12.8,12.9.1,17.1,17.1,17.1,17.1,17.1,17.6,17.6,17.6
游릭 Milt_Lixxaw                  | 251668     | 8               | 50000      | 15.5
游댮 Smail_Durov                  | 261450     | 8               | 25000      | 17.7
游댮 Roman_Gasai                  | 124800     | 8               | 400000     | 17.1,17.1,17.1,17.1
游릭 Kotax_Spank                  | 119454     | 8               | 100000     | 17.1
游댮 Manuel_Knyazev               | 135587     | 8               | 100000     | 17.1
游댮 Weki_Lixxaw                  | 185115     | 6               | 600000     | 17.1,17.1,17.1,17.1,17.1,17.1
游댮 David_Shgak                  | 273747     | 6               | 100000     | 17.1
游릭 Jeammy_Silhouettyan          | 278888     | 6               | 75000      | 15.4.2,15.5
游댮 Skeet_Gamesense              | 244842     | 6               | 225000     | 14.4,16.5,18.3
游릭 Show_Cortez                  | 223639     | 6               | 925000     | 6.1,12.8,12.8,12.8,12.8,12.8,12.10,17.1,17.1,17.1,17.1,17.1,17.1,17.1,17.6
游릭 Stanislav_Martunez           | 277190     | 6               | 475000     | 12.7.1,12.8,15.2,17.1,17.1,17.1,17.1
游릭 Freddie_Santana              | 272083     | 6               | 200000     | 17.1,17.1
游댮 Felix_Players                | 3840       | 1               | 50000      | 17.8
